0 0.181152 0.526018 0.195250 0.499064 0.207332 0.477890 0.229482 0.456716 0.255653 0.441321 0.283848 0.429771 0.308013 0.443248 0.303983 0.479817 0.287869 0.495220 0.269750 0.508688 0.247601 0.526018 0.217399 0.526018 0.199271 0.526018
4 0.398925 0.395835 0.427572 0.403661 0.464395 0.415394 0.490998 0.448642 0.509405 0.485798 0.517591 0.522963 0.507361 0.540569 0.488954 0.542523 0.468493 0.542523 0.439846 0.528835 0.427572 0.497541 0.423484 0.472110 0.415298 0.448642 0.407111 0.421257
4 0.714002 0.560128 0.699683 0.528835 0.714002 0.479936 0.752869 0.442771 0.799933 0.413440 0.863349 0.399743 0.918589 0.397789 0.955422 0.372367 0.988157 0.366495 0.979971 0.395835 0.955422 0.438862 0.937006 0.485798 0.904271 0.509275 0.849031 0.524917 0.783560 0.534697 0.742649 0.550349
4 0.374376 0.212771 0.398925 0.230367 0.431660 0.249927 0.470537 0.273404 0.503273 0.302734 0.525777 0.324248 0.542140 0.349679 0.552370 0.373147 0.576919 0.402486 0.595336 0.439642 0.593292 0.474853 0.566699 0.506147 0.550326 0.478761 0.536008 0.441596 0.499175 0.410303 0.480768 0.394661 0.458263 0.371193 0.435758 0.361413 0.411200 0.355541 0.403023 0.324248 0.398925 0.289046 0.392793 0.261661 0.384607 0.246018
0 0.689453 0.599239 0.675125 0.569899 0.677179 0.540569 0.681267 0.519055 0.685355 0.485798 0.720134 0.456468 0.750825 0.415394 0.791747 0.395835 0.849031 0.388009 0.881766 0.399743 0.906315 0.391927 0.934962 0.372367 0.971785 0.358670 0.996344 0.335202 1.000000 0.343954 1.000000 0.375450 0.992246 0.395835 0.988157 0.415394 0.959511 0.450596 0.939050 0.493624 0.926775 0.526872 0.914501 0.550349 0.889952 0.564037 0.857217 0.544477 0.830614 0.540569 0.806065 0.536651 0.791747 0.538606 0.771286 0.548385 0.750825 0.560128 0.726276 0.571862 0.709914 0.583596
0 0.130710 0.336064 0.101862 0.314000 0.096084 0.277220 0.096084 0.236761 0.111478 0.194468 0.134559 0.166881 0.163417 0.142982 0.188426 0.115394 0.223042 0.108037 0.259597 0.106202 0.292294 0.098844 0.317303 0.095165 0.321152 0.100679 0.299990 0.119073 0.269213 0.128266 0.267294 0.161367 0.273061 0.188954 0.261516 0.211018 0.246132 0.234927 0.224971 0.273541 0.203810 0.293771 0.165336 0.310321 0.157639 0.332385
4 0.134559 0.311606 0.115326 0.276670 0.121094 0.227018 0.142255 0.188404 0.167265 0.155303 0.196113 0.136908 0.228820 0.116679 0.273061 0.109330 0.261516 0.125872 0.265365 0.155303 0.257668 0.186560 0.238436 0.221495 0.207658 0.265633 0.176881 0.289541
0 0.472937 0.602917 0.436852 0.581835 0.400777 0.579917 0.370710 0.583752 0.346651 0.591413 0.320595 0.602917 0.302553 0.618248 0.296545 0.641239 0.284511 0.658486 0.264472 0.675725 0.246430 0.683394 0.262466 0.700642 0.278503 0.715972 0.298541 0.719798 0.338637 0.723633 0.374712 0.714055 0.406785 0.694890 0.434846 0.687229 0.450883 0.664229 0.448877 0.639321 0.464914 0.614413
4 0.273781 0.687706 0.295931 0.660761 0.334184 0.626110 0.372447 0.597239 0.424798 0.599165 0.452985 0.614560 0.440912 0.633817 0.430835 0.664615 0.408685 0.681936 0.384530 0.699257 0.348282 0.710807 0.299952 0.705037
0 0.354136 0.191890 0.381382 0.207523 0.403177 0.220541 0.430422 0.230963 0.457668 0.246587 0.484923 0.251798 0.506718 0.277844 0.533964 0.314312 0.555758 0.345569 0.577562 0.379431 0.602083 0.408083 0.615701 0.439339 0.618426 0.465385 0.610259 0.488835 0.596631 0.512275 0.572111 0.520083 0.555758 0.520083 0.536689 0.488835 0.528512 0.460174 0.520336 0.439339 0.503992 0.418505 0.487639 0.408083 0.468570 0.389853 0.446775 0.376826 0.422246 0.376826 0.414079 0.379431 0.400451 0.361202 0.400451 0.329945 0.386833 0.303899 0.378656 0.272642 0.359578 0.236174 0.348685 0.215330
0 0.389184 0.384211 0.438282 0.390606 0.469530 0.399147 0.494079 0.416211 0.511939 0.443945 0.529789 0.493018 0.518628 0.544220 0.494079 0.561284 0.444981 0.546358 0.424894 0.531422 0.420432 0.503688 0.420432 0.484486 0.407044 0.450349 0.400345 0.431147 0.389184 0.411945
4 0.199271 0.512541 0.217399 0.487514 0.239549 0.468266 0.259683 0.449018 0.283848 0.452872 0.289885 0.472119 0.275787 0.491367 0.263714 0.506771 0.229482 0.518312
4 0.021372 0.287835 0.057917 0.313064 0.078215 0.357697 0.070096 0.379046 0.061977 0.410092 0.045739 0.429495 0.025432 0.410092 0.021372 0.375165 0.009194 0.351872 0.013253 0.326651 0.013253 0.301422
4 0.256843 0.641009 0.226401 0.639073 0.200010 0.631312 0.167534 0.619670 0.143167 0.604147 0.120845 0.592505 0.135048 0.578917 0.155355 0.571156 0.167534 0.561450 0.191891 0.557569 0.210154 0.578917 0.230461 0.600266 0.246699 0.617725
0 0.143167 0.569211 0.151296 0.542046 0.195950 0.534284 0.220307 0.538165 0.220307 0.561450 0.236545 0.584734 0.246699 0.600266 0.269021 0.613844 0.285269 0.635193 0.269021 0.646835 0.238580 0.646835 0.197975 0.650716 0.187831 0.635193 0.163474 0.635193 0.143167 0.617725 0.122869 0.611908 0.086334 0.596385 0.114750 0.578917
0 0.000000 0.259018 0.031526 0.268431 0.070096 0.299486 0.092428 0.351872 0.080240 0.373220 0.080240 0.402330 0.066036 0.429495 0.033560 0.445018 0.021372 0.431440 0.011228 0.410092 0.013253 0.373220 0.000000 0.342440 0.000000 0.335229 0.007169 0.297541 0.007169 0.283954 0.000000 0.261688
0 0.726747 0.879862 0.702092 0.890862 0.688935 0.879862 0.702092 0.857862 0.711948 0.829578 0.715240 0.801294 0.725106 0.774578 0.723455 0.751000 0.716881 0.729000 0.734971 0.718000 0.764559 0.725862 0.810585 0.747862 0.822092 0.766716 0.822092 0.791862 0.813877 0.821716 0.797438 0.835862 0.789213 0.856294 0.769491 0.870440 0.748119 0.875147
0 0.638474 0.689523 0.608023 0.681761 0.569453 0.681761 0.543061 0.674000 0.504491 0.670119 0.469990 0.658477 0.478109 0.644890 0.478109 0.623550 0.512610 0.615789 0.553215 0.615789 0.585691 0.615789 0.605988 0.635193 0.632380 0.652661 0.662831 0.677881
4 0.720173 0.872009 0.707025 0.854725 0.716881 0.835862 0.721814 0.806009 0.731679 0.779294 0.738253 0.763578 0.751401 0.747862 0.769491 0.757284 0.792505 0.776147 0.807294 0.793431 0.785893 0.846239
4 0.632380 0.681761 0.597869 0.677881 0.565393 0.666239 0.536977 0.662358 0.500432 0.652661 0.508551 0.635193 0.528858 0.627431 0.559299 0.623550 0.587726 0.631312 0.616142 0.658477
0 0.435096 0.774083 0.428004 0.801220 0.396075 0.811394 0.346401 0.811394 0.296737 0.804606 0.250614 0.767303 0.239971 0.746954 0.239971 0.716431 0.293186 0.723211 0.353503 0.723211 0.420902 0.736780 0.449290 0.750349
0 0.452841 0.994541 0.452841 0.947055 0.467025 0.909752 0.477668 0.865661 0.481219 0.824963 0.477668 0.784257 0.569914 0.763908 0.598292 0.770697 0.605393 0.821569 0.605393 0.899578 0.577006 0.980972 0.548628 0.994541
0 0.991670 0.689523 0.955134 0.662358 0.886123 0.642954 0.853637 0.662358 0.841459 0.697284 0.841459 0.708936 0.859731 0.739982 0.904386 0.755505 0.975432 0.776853 0.995729 0.771028 0.995729 0.745798 0.989645 0.710872
4 0.961228 0.761321 0.918599 0.743862 0.873935 0.732220 0.863791 0.716697 0.861756 0.693404 0.869875 0.666239 0.896267 0.658477 0.926718 0.656541 0.947015 0.677881 0.983551 0.697284 0.977466 0.734156
4 0.513148 0.970798 0.484770 0.960624 0.477668 0.913138 0.491862 0.869046 0.513148 0.828349 0.537985 0.804606 0.577006 0.811394 0.594750 0.838523 0.591200 0.865661 0.587649 0.913138 0.573464 0.953835 0.552179 0.970798
4 0.410259 0.780872 0.360595 0.797826 0.314472 0.787651 0.286094 0.767303 0.250614 0.740174 0.286094 0.730000 0.321564 0.733385 0.353503 0.733385 0.392524 0.743560
