1 0.314683 0.266349 0.309562 0.247154 0.283956 0.220268 0.255802 0.189542 0.248120 0.151142 0.255802 0.114654 0.296759 0.085848 0.335167 0.085848 0.386367 0.112734 0.411972 0.143460 0.427336 0.178019 0.427336 0.201064 0.424775 0.224109 0.417093 0.243313 0.401730 0.260588 0.373576 0.268270 0.345409 0.274031
13 0.631972 0.633720 0.606436 0.638503 0.587278 0.650484 0.558535 0.643296 0.539377 0.624135 0.523414 0.593002 0.529792 0.554689 0.555340 0.525952 0.590461 0.509187 0.625594 0.513979 0.647947 0.523555 0.670288 0.533131 0.695836 0.535528 0.686263 0.557085 0.702226 0.573849 0.730957 0.585822 0.753310 0.609766 0.721384 0.616955 0.683068 0.628927
1 0.547670 0.120415 0.588639 0.139619 0.616794 0.160744 0.644960 0.179939 0.673126 0.189542 0.642399 0.222189 0.634717 0.247154 0.660323 0.260588 0.642399 0.300917 0.624475 0.345078 0.657762 0.346998 0.678247 0.318201 0.693610 0.283633 0.726886 0.241393 0.765294 0.227950 0.806263 0.249074 0.790900 0.297076 0.765294 0.331644 0.765294 0.373884 0.724325 0.408452 0.662884 0.404611 0.614233 0.402690 0.601442 0.383486 0.580957 0.343157 0.580957 0.308599 0.575836 0.281713 0.606563 0.262509 0.591200 0.247154 0.568155 0.224109 0.580957 0.185701 0.560473 0.158824
0 0.604245 0.669118 0.587140 0.679801 0.561476 0.669118 0.544383 0.649870 0.521569 0.630631 0.513022 0.600701 0.515871 0.575043 0.524418 0.551531 0.541522 0.528010 0.558627 0.504490 0.592837 0.504490 0.632745 0.508772 0.664106 0.523737 0.695456 0.523737 0.729666 0.521592 0.732514 0.547249 0.695456 0.562215 0.721119 0.577180 0.746770 0.596427 0.755329 0.613529 0.718270 0.630631 0.681211 0.639187 0.632745 0.643460
0 0.324879 0.855121 0.324879 0.823045 0.319181 0.803806 0.307774 0.782431 0.279273 0.782431 0.230807 0.771739 0.210854 0.741808 0.179493 0.733253 0.148143 0.692630 0.131038 0.656289 0.136736 0.617803 0.153841 0.583599 0.193749 0.564351 0.242215 0.557941 0.273564 0.549386 0.296378 0.532284 0.313472 0.506626 0.339135 0.472422 0.361938 0.446765 0.398997 0.461730 0.430358 0.491661 0.467405 0.504490 0.518720 0.519455 0.507324 0.542976 0.498766 0.566497 0.478812 0.585735 0.501615 0.607111 0.501615 0.619939 0.518720 0.647734 0.552930 0.671254 0.581430 0.686220 0.609942 0.705458 0.629896 0.731116 0.598535 0.728979 0.570035 0.741808 0.518720 0.741808 0.513022 0.758910 0.478812 0.743945 0.456009 0.733253 0.436055 0.733253 0.433206 0.761047 0.433206 0.780285 0.433206 0.799533 0.430358 0.818772 0.418950 0.838019 0.387589 0.848702 0.364787 0.850839
13 0.267958 0.557803 0.232837 0.560199 0.194521 0.574567 0.172168 0.579351 0.153010 0.596116 0.140242 0.627249 0.137047 0.648806 0.137047 0.675147 0.153010 0.699092 0.172168 0.725441 0.204106 0.749386 0.239227 0.770943 0.267958 0.790095 0.293506 0.799680 0.325444 0.809256 0.344602 0.785311 0.303091 0.766151 0.255190 0.746990 0.216874 0.723045 0.191326 0.689516 0.172168 0.660779 0.172168 0.632042 0.197716 0.605701 0.232837 0.584144
13 0.338212 0.826021 0.379723 0.809256 0.382918 0.778123 0.382918 0.751782 0.376528 0.732621 0.366955 0.720649 0.363760 0.687119 0.389296 0.663175 0.414844 0.670355 0.440392 0.679939 0.472318 0.679939 0.491476 0.703884 0.517024 0.715856 0.552145 0.718253 0.523414 0.699092 0.497866 0.679939 0.485098 0.655986 0.485098 0.627249 0.485098 0.603304 0.504256 0.612881 0.513829 0.641618 0.539377 0.665571 0.568120 0.684723 0.603241 0.703884 0.625594 0.723045 0.600046 0.730225 0.571303 0.735017 0.542572 0.742206 0.517024 0.742206 0.497866 0.739810 0.446782 0.723045 0.421234 0.730225 0.430807 0.751782 0.430807 0.775727 0.430807 0.799680 0.421234 0.818832 0.395686 0.833209 0.350980 0.847578
12 0.370138 0.258452 0.338212 0.258452 0.312664 0.232102 0.290311 0.198581 0.261580 0.169844 0.261580 0.138711 0.274348 0.102785 0.322249 0.097993 0.366955 0.109974 0.376528 0.143495 0.408454 0.165052 0.411649 0.198581 0.402076 0.234498
0 0.577693 0.117872 0.574498 0.091531 0.567474 0.058045 0.559516 0.034775 0.625594 0.055606 0.647947 0.062794 0.679873 0.062794 0.743737 0.062794 0.782053 0.091531 0.807601 0.101107 0.829942 0.134637 0.778858 0.134637 0.782053 0.168166 0.785248 0.196903 0.756505 0.206479 0.737347 0.228036 0.718189 0.249585 0.683068 0.280718 0.663910 0.302275 0.654325 0.328616 0.638362 0.287907 0.644752 0.249585 0.647947 0.211272 0.654325 0.175346 0.616009 0.163374 0.590461 0.134637
13 0.585156 0.072933 0.615110 0.078893 0.651442 0.078893 0.687785 0.077266 0.711303 0.082076 0.751926 0.086886 0.788270 0.102924 0.788270 0.117353 0.760473 0.128573 0.741234 0.134991 0.709158 0.131782 0.677093 0.128573 0.647151 0.130182 0.597982 0.117353 0.585156 0.106125
