0 0.330900 0.381747 0.301580 0.369749 0.269585 0.375753 0.248258 0.383746 0.221592 0.389749 0.194937 0.399740 0.176275 0.413746 0.154937 0.445735 0.144279 0.463728 0.136275 0.491721 0.117612 0.519715 0.117612 0.543711 0.138950 0.539715 0.157612 0.521721 0.141615 0.553711 0.130946 0.575709 0.125617 0.607699 0.117612 0.629697 0.130946 0.651687 0.157612 0.659689 0.189596 0.661687 0.213599 0.667690 0.237589 0.667690 0.253587 0.649689 0.237589 0.637690 0.232261 0.615701 0.253587 0.603702 0.261580 0.587708 0.242918 0.583702 0.216263 0.587708 0.173599 0.585701 0.170934 0.575709 0.176275 0.555709 0.189596 0.543711 0.200265 0.523720 0.218927 0.505718 0.242918 0.495727 0.264256 0.487725 0.282918 0.475727 0.298916 0.467734 0.322907 0.461730 0.338904 0.455735 0.338904 0.451730 0.322907 0.443737 0.317578 0.431739 0.320242 0.419740 0.325571 0.411739 0.325571 0.407742
0 0.472203 0.483529 0.448212 0.481531 0.437543 0.461531 0.448212 0.439533 0.453541 0.421540 0.464210 0.399542 0.496205 0.385545 0.538858 0.383547 0.552191 0.361557 0.552191 0.347552 0.562849 0.315562 0.578847 0.297569 0.589516 0.289567 0.610842 0.283573 0.642837 0.283573 0.666828 0.301566 0.696159 0.321566 0.730819 0.345554 0.738812 0.359550 0.722814 0.375554 0.730819 0.405545 0.736148 0.437535 0.754810 0.457535 0.778800 0.487526 0.784141 0.495528 0.746817 0.495528 0.746817 0.513521 0.754810 0.525519 0.757474 0.543512 0.765479 0.567509 0.789469 0.605502 0.821465 0.625493 0.853460 0.647491 0.885444 0.681479 0.914775 0.711479 0.912111 0.733469 0.890784 0.749472 0.874787 0.759464 0.848120 0.759464 0.813460 0.753469 0.773472 0.749472 0.762814 0.739472 0.736148 0.735476 0.720150 0.733469 0.698824 0.719472 0.682826 0.701479 0.674833 0.697483 0.648166 0.697483 0.624175 0.689481 0.613506 0.675484 0.602849 0.659490 0.565513 0.643495 0.562849 0.637491 0.554856 0.621497 0.554856 0.601497 0.552191 0.571505 0.538858 0.561505 0.522860 0.561505 0.506863 0.553512 0.501534 0.545510 0.496205 0.533512 0.485536 0.517517 0.482872 0.503521
0 0.141615 0.225779 0.170934 0.211782 0.189596 0.211782 0.213599 0.203789 0.248258 0.203789 0.266920 0.211782 0.274913 0.231782 0.266920 0.249775 0.285582 0.261773 0.296240 0.279766 0.304245 0.295770 0.306909 0.305761 0.312238 0.323763 0.312238 0.339758 0.298916 0.359749 0.261580 0.375753 0.240254 0.383746 0.221592 0.383746 0.194937 0.387751 0.162941 0.395744 0.146943 0.397742 0.130946 0.383746 0.141615 0.367751 0.141615 0.351756 0.162941 0.339758 0.181603 0.329758 0.178939 0.323763 0.170934 0.307768 0.173599 0.287768 0.170934 0.279766 0.168270 0.279766 0.160277 0.271773 0.154937 0.267777 0.152272 0.263772 0.144279 0.255779 0.133610 0.249775
0 0.429550 0.567708 0.397555 0.549715 0.376228 0.551713 0.346897 0.563711 0.322907 0.573711 0.304245 0.573711 0.285582 0.583702 0.269585 0.595701 0.250923 0.613702 0.242918 0.631696 0.274913 0.643694 0.274913 0.655692 0.264256 0.669689 0.269585 0.685683 0.258916 0.703676 0.274913 0.715675 0.309573 0.701678 0.333564 0.683685 0.362895 0.667690 0.394890 0.653694 0.400219 0.633694 0.413552 0.623694 0.429550 0.613702 0.432215 0.607699 0.432215 0.593702
0 0.408224 0.467734 0.376228 0.461730 0.352238 0.461730 0.322907 0.467734 0.298916 0.473728 0.277578 0.487725 0.248258 0.499723 0.234925 0.511721 0.221592 0.519715 0.205594 0.535718 0.197601 0.551713 0.184268 0.559706 0.181603 0.573711 0.192272 0.579706 0.221592 0.575709 0.256251 0.575709 0.285582 0.575709 0.328235 0.565709 0.354902 0.551713 0.389562 0.543711 0.402884 0.527716 0.405559 0.511721 0.413552 0.493728
19 0.616171 0.615701 0.632168 0.587708 0.648166 0.569706 0.669493 0.549715 0.701488 0.543711 0.717486 0.569706 0.736148 0.579706 0.754810 0.595701 0.754810 0.607699 0.736148 0.615701 0.722814 0.627699 0.709493 0.637690 0.706817 0.647690 0.685490 0.659689 0.677497 0.661687 0.674833 0.661687 0.653495 0.669689 0.648166 0.661687 0.640173 0.639689 0.632168 0.629697
0 0.464210 0.607699 0.440208 0.627699 0.424221 0.639689 0.410888 0.651687 0.381557 0.665683 0.349562 0.691678 0.314902 0.703676 0.293576 0.723676 0.274913 0.731670 0.242918 0.757664 0.229596 0.775666 0.213599 0.791661 0.205594 0.811652 0.213599 0.825649 0.216263 0.843651 0.237589 0.851644 0.242918 0.869645 0.242918 0.885640 0.256251 0.907638 0.264256 0.923633 0.285582 0.931626 0.312238 0.919628 0.325571 0.889637 0.349562 0.857647 0.360231 0.847647 0.378893 0.851644 0.418881 0.867647 0.429550 0.847647 0.434879 0.831652 0.445548 0.809654 0.450877 0.787664 0.442884 0.775666 0.456205 0.751670 0.464210 0.733676 0.464210 0.719671 0.466874 0.695683 0.482872 0.667690 0.480208 0.641696 0.474867 0.623694
19 0.320242 0.567708 0.338904 0.559706 0.360231 0.553711 0.373564 0.553711 0.389562 0.563711 0.381557 0.581704 0.365559 0.591704 0.333564 0.595701 0.317578 0.583702
19 0.213599 0.823651 0.248258 0.817656 0.280242 0.801661 0.312238 0.795657 0.333564 0.809654 0.360231 0.827656 0.392226 0.829654 0.402884 0.847647 0.386886 0.841652 0.362895 0.845649 0.336240 0.853642 0.320242 0.871644 0.317578 0.891635 0.298916 0.911635 0.290911 0.927630 0.272249 0.919628 0.269585 0.911635 0.264256 0.889637 0.256251 0.879637 0.242918 0.857647 0.240254 0.855649 0.232261 0.837647
19 0.282918 0.649689 0.304245 0.641696 0.338904 0.637690 0.354902 0.643694 0.346897 0.663685 0.336240 0.675683 0.317578 0.681687 0.306909 0.697682 0.288247 0.705675 0.261580 0.711678 0.261580 0.695683 0.261580 0.685683 0.261580 0.679680 0.266920 0.669689 0.272249 0.655692
