9 0.240295 0.137924 0.246724 0.037888 0.269231 0.012161 0.294959 0.012161 0.328709 0.028449 0.352816 0.034188 0.384993 0.059902 0.417150 0.065617 0.426793 0.142784 0.433228 0.205665 0.426793 0.271416 0.389815 0.294274 0.339973 0.314286 0.282095 0.288559 0.249938 0.257118 0.214567 0.214249 0.224217 0.191380
0 0.706552 0.210244 0.690474 0.241685 0.663139 0.264554 0.640632 0.238828 0.626161 0.195946 0.618125 0.155934 0.597218 0.107350 0.584361 0.061612 0.557026 0.027314 0.530907 0.000000 0.609080 -0.000000 0.642239 0.010159 0.665103 0.000000 0.700913 0.000000 0.716195 0.024457 0.716195 0.050183 0.712981 0.113065 0.712981 0.175946
18 0.619732 0.763895 0.595611 0.755311 0.590790 0.706728 0.618125 0.689573 0.645453 0.718156 0.639025 0.741026
9 0.272445 0.560952 0.282095 0.483785 0.282095 0.418034 0.291745 0.343724 0.328723 0.326581 0.368887 0.340049 0.402679 0.334298 0.436442 0.334298 0.478242 0.342869 0.505577 0.420037 0.494320 0.534371 0.491106 0.602967 0.489499 0.694432 0.479849 0.763040 0.463777 0.831636 0.442871 0.911661 0.401071 0.940244 0.372129 0.911661 0.341580 0.877363 0.304602 0.808767 0.274059 0.774469 0.246724 0.711587 0.246724 0.665849 0.216174 0.640134 0.237074 0.585824
9 0.507184 0.378022 0.492713 0.275128 0.487891 0.220818 0.487891 0.152222 0.508791 0.095055 0.542555 0.072186 0.582761 0.108547 0.600433 0.188523 0.610082 0.234249 0.632589 0.291416 0.677610 0.308571 0.690474 0.354298 0.664746 0.408608 0.648668 0.448620 0.637418 0.488645 0.602047 0.525800 0.555419 0.525800 0.526477 0.497216 0.512005 0.448620
9 0.647060 0.883944 0.569890 0.832491 0.547376 0.755311 0.532912 0.678144 0.520048 0.578107 0.558633 0.552381 0.602047 0.538083 0.630982 0.506642 0.651882 0.472344 0.659924 0.432332 0.680824 0.403748 0.700117 0.366593 0.712981 0.369451 0.735488 0.398034 0.759609 0.432332 0.761216 0.500928 0.777294 0.622979 0.809451 0.660134 0.788544 0.711587 0.748352 0.731600 0.712981 0.745885 0.684038 0.820195 0.661532 0.868791
9 0.862507 0.438046 0.912363 0.431502 0.957363 0.365739 0.981484 0.422894 0.995948 0.488645 0.992734 0.574383 0.992734 0.668706 0.970227 0.743028 0.934856 0.805910 0.897871 0.791575 0.862507 0.797338 0.830350 0.783040 0.803015 0.748742 0.831957 0.697289 0.844821 0.662991 0.854464 0.614408 0.867328 0.571526 0.865721 0.511502
0 0.983091 0.819060 0.958970 0.819060 0.923599 0.810476 0.881799 0.807619 0.860900 0.807619 0.831957 0.796190 0.794979 0.776178 0.767644 0.770464 0.794979 0.733309 0.815879 0.696154 0.827136 0.653272 0.843214 0.610403 0.856071 0.561807 0.856071 0.518938 0.857679 0.473199 0.852857 0.407460 0.843214 0.347436 0.854464 0.315995 0.880192 0.313138 0.886621 0.353162 0.870543 0.387460 0.870543 0.418901 0.891442 0.424615 0.918777 0.404603 0.941284 0.364591 0.941284 0.290281 0.946113 0.250256 0.971834 0.270269 0.995948 0.273126 0.997562 0.313138 1.000000 0.358718 1.000000 0.564029 0.995948 0.650415 1.000000 0.691807 1.000000 0.740513 0.995948 0.781905
9 0.672788 0.200806 0.639025 0.177949 0.613297 0.112210 0.595611 0.060757 0.568283 0.009304 0.591834 0.000000 0.601408 0.000000 0.630982 0.015018 0.708173 0.029304 0.693688 0.094200 0.708159 0.137070 0.698510 0.185665
0 0.395474 0.990818 0.381538 0.934188 0.345701 0.923565 0.309863 0.849243 0.274032 0.806764 0.238194 0.760757 0.192404 0.672271 0.140639 0.682894 0.072953 0.672271 0.043084 0.612100 0.015213 0.537778 0.011229 0.466984 0.029148 0.424518 0.007253 0.328950 0.039107 0.244005 0.078922 0.190916 0.090865 0.120134 0.110776 0.056422 0.158558 0.013956 0.214306 0.003333 0.258104 0.006874 0.293935 0.006874 0.348070 0.000000 0.350302 0.000000 0.381538 0.010415 0.433304 0.006874 0.447239 0.017497 0.443255 0.091819 0.453207 0.144908 0.465158 0.219231 0.479093 0.141368 0.497012 0.070586 0.497012 0.000000 0.497473 0.000000 0.528867 0.013956 0.552754 0.028107 0.580625 0.070586 0.596552 0.120134 0.620446 0.201538 0.626415 0.261709 0.676188 0.282943 0.710034 0.251087 0.727953 0.187375 0.737905 0.116593 0.765776 0.166142 0.785687 0.219231 0.787679 0.247546 0.811573 0.311258 0.839444 0.371429 0.849396 0.445751 0.849396 0.520085 0.845412 0.583785 0.827500 0.629805 0.803606 0.707668 0.777727 0.743065 0.723970 0.760757 0.712026 0.817387 0.708043 0.877558 0.696099 0.927106 0.664245 0.951880 0.642342 0.969573 0.614471 0.987277 0.588592 0.994359 0.546779 0.990818 0.498997 0.994359 0.459183 0.994359 0.419361 0.990818
9 0.266016 0.332295 0.275666 0.491502 0.233860 0.568669 0.192060 0.637265 0.105240 0.657277 0.066655 0.620122 0.029670 0.517228 0.042534 0.440049 0.042534 0.357155 0.061827 0.277131 0.098805 0.234249 0.130962 0.188523 0.185625 0.214249 0.237074 0.299988
