8 0.405543 0.304322 0.361587 0.319951 0.324670 0.329328 0.282473 0.323077 0.271923 0.254310 0.287747 0.201184 0.312363 0.169927 0.340495 0.138669 0.363345 0.126166 0.405543 0.094908 0.430158 0.107411 0.440707 0.163675 0.430158 0.229316 0.419609 0.257436
0 0.305330 0.157424 0.331703 0.132418 0.387960 0.088657 0.414334 0.069902 0.444224 0.085531 0.449499 0.160549 0.456532 0.241819 0.475865 0.304322 0.512788 0.260562 0.519821 0.229316 0.563777 0.238694 0.593661 0.219939 0.630584 0.179304 0.672782 0.241819 0.704423 0.301197 0.714973 0.351209 0.744863 0.401221 0.781786 0.463724 0.781786 0.507485 0.787060 0.610635 0.783544 0.685641 0.772995 0.738779 0.732555 0.770037 0.685089 0.773162 0.651683 0.782540 0.616518 0.823175 0.584870 0.851306 0.569052 0.920061 0.554986 0.970073 0.525096 0.995079 0.475865 0.995079 0.438496 1.000000 0.418304 1.000000 0.380927 0.995079 0.359828 0.970073 0.338736 0.951319 0.307088 0.916935 0.298297 0.851306 0.287747 0.795043 0.252582 0.788791 0.205117 0.738779 0.185776 0.660647 0.176985 0.576252 0.173468 0.513736 0.191051 0.457473 0.191051 0.388718 0.187534 0.323077 0.222699 0.288694 0.263132 0.226190
8 0.168194 0.857558 0.124238 0.879426 0.078530 0.898181 0.024025 0.866935 0.015234 0.810672 0.009959 0.738779 0.013475 0.698144 0.043365 0.670012 0.087321 0.676264 0.117205 0.676264 0.166435 0.695018 0.184018 0.748156 0.201600 0.820049
0 0.008201 0.641893 0.029299 0.641893 0.050398 0.632515 0.083805 0.648144 0.125996 0.660647 0.169952 0.673138 0.189293 0.695018 0.205117 0.748156 0.233242 0.795043 0.213908 0.813797 0.222699 0.854432 0.220941 0.885678 0.182260 0.907558 0.155886 0.913810 0.108420 0.923187 0.064464 0.929438 0.043365 0.913810 0.015234 0.888803 0.008201 0.851306 0.004684 0.798168 0.001168 0.735653 0.002926 0.704396
8 0.663990 0.544994 0.623551 0.460598 0.602452 0.310574 0.584870 0.251184 0.614760 0.210562 0.637617 0.207436 0.660474 0.235568 0.679815 0.276190 0.700907 0.313700 0.718489 0.369963 0.739588 0.432479 0.764203 0.469976 0.778269 0.538742 0.780027 0.610635 0.750137 0.620012 0.709698 0.601258 0.690364 0.573126
8 0.205117 0.376215 0.275440 0.388718 0.335220 0.407473 0.373894 0.463724 0.373894 0.551245 0.356312 0.626264 0.298297 0.679389 0.259615 0.676264 0.224457 0.651270 0.198084 0.591880 0.196326 0.507485 0.196326 0.444982
8 0.352795 0.776288 0.368620 0.710647 0.398510 0.657521 0.445982 0.598132 0.496964 0.576252 0.567294 0.573126 0.623551 0.607509 0.669265 0.641893 0.683331 0.716899 0.644650 0.779414 0.607727 0.801294 0.581360 0.838803 0.560261 0.904432 0.549712 0.948193 0.516305 0.985702 0.475865 0.988828 0.440707 0.985702 0.393235 0.985702 0.363345 0.960696 0.344011 0.932564 0.312363 0.879426 0.319396 0.835678
10 0.236758 0.332454 0.257857 0.319951 0.278956 0.326203 0.307088 0.344957 0.310604 0.379341 0.278956 0.382466 0.259615 0.369963 0.236758 0.357460
10 0.681573 0.620012 0.697397 0.601258 0.711456 0.610635 0.729038 0.651270 0.729038 0.720024 0.707940 0.741905 0.692122 0.716899 0.681573 0.670012
10 0.247308 0.526239 0.254341 0.498107 0.266648 0.485604 0.282473 0.482479 0.310604 0.485604 0.328187 0.494982 0.328187 0.529365 0.321154 0.548120 0.314121 0.519988 0.300055 0.507485 0.282473 0.507485 0.271923 0.519988 0.264890 0.544994
10 0.525096 0.538742 0.535646 0.507485 0.537404 0.469976 0.539162 0.435604 0.562019 0.426227 0.583111 0.435604 0.593661 0.469976 0.577843 0.488730 0.570810 0.460598 0.558503 0.460598 0.558503 0.485604 0.558503 0.526239 0.558503 0.544994 0.551470 0.557497 0.532129 0.560623
