10 0.075751 0.430639 0.091209 0.422321 0.112234 0.412356 0.133248 0.409870 0.155360 0.406133 0.181893 0.408626 0.208437 0.414842 0.230549 0.419196 0.259292 0.424169 0.261502 0.438475 0.268144 0.448427 0.271453 0.458379 0.263712 0.467088 0.250452 0.463977 0.238291 0.455268 0.231648 0.448427 0.222808 0.435989 0.222808 0.429148 0.199585 0.428523 0.179683 0.426662 0.159780 0.422926 0.146520 0.422308 0.128828 0.425419 0.125507 0.432878 0.117766 0.442212 0.108926 0.447184 0.096764 0.447809 0.083492 0.444698
8 0.204713 0.598853 0.096398 0.590144 0.022906 0.583620 0.034505 0.540103 0.022906 0.455240 0.034505 0.420426 0.034505 0.376909 0.084799 0.376909 0.150562 0.394320 0.208584 0.403022 0.282076 0.420426 0.313028 0.442184 0.328498 0.455240 0.305287 0.565556 0.251136 0.626484
8 0.351709 0.420426 0.212454 0.396497 0.108010 0.372555 0.034505 0.320337 0.030647 0.261587 0.046117 0.194135 0.119609 0.161497 0.150562 0.141916 0.193114 0.126683 0.235653 0.141916 0.301416 0.150618 0.436752 0.170192 0.467766 0.230495 0.479353 0.271813 0.506435 0.313159 0.529646 0.343620 0.483223 0.389313 0.421331 0.415426
0 0.001648 0.152644 0.049011 0.147644 0.090464 0.147644 0.120073 0.145982 0.125995 0.116003 0.149683 0.116003 0.173370 0.125996 0.217778 0.127658 0.265140 0.135989 0.306593 0.145982 0.356923 0.142651 0.398376 0.155975 0.433907 0.170962 0.478315 0.220920 0.493126 0.255900 0.522723 0.292534 0.558254 0.319183 0.602674 0.304196 0.635238 0.272548 0.676691 0.277548 0.718132 0.285872 0.759585 0.269217 0.821758 0.260893 0.854335 0.287541 0.898742 0.320845 0.943150 0.345831 0.996447 0.379135 1.000000 0.400474 1.000000 0.442617 0.990525 0.460742 0.996447 0.507376 0.999402 0.567328 0.990525 0.592308 0.946117 0.592308 0.901697 0.602301 0.848413 0.612294 0.812882 0.625618 0.771429 0.638942 0.729976 0.653929 0.706288 0.695563 0.688535 0.722212 0.641160 0.742198 0.602674 0.758846 0.564176 0.780501 0.513846 0.783832 0.457595 0.777170 0.419109 0.745529 0.371734 0.745529 0.309560 0.718880 0.297717 0.698894 0.285873 0.652266 0.250342 0.642273 0.208889 0.617287 0.149683 0.607294 0.084542 0.598970 0.007558 0.607294 0.007558 0.587315 0.013480 0.540680 0.010525 0.479059 0.010525 0.402452 0.013480 0.359155 0.013480 0.314190 0.007558 0.275879 0.010525 0.230913 0.007558 0.194279
0 0.000000 0.650783 0.034212 0.652266 0.081587 0.648935 0.123028 0.648935 0.167448 0.657260 0.173370 0.680577 0.179280 0.707218 0.200012 0.730536 0.220733 0.750522 0.238498 0.775501 0.282906 0.812157 0.226654 0.808812 0.191123 0.822136 0.149683 0.832129 0.123028 0.848777 0.049011 0.848777 0.013480 0.855440 0.007558 0.835460 0.001648 0.797150 0.000000 0.753846 0.001648 0.713880 0.001648 0.680577 0.000000 0.672260
8 0.378755 0.429121 0.521905 0.394320 0.560586 0.350797 0.645690 0.309457 0.719194 0.302933 0.792686 0.285522 0.881685 0.326236 0.974493 0.376257 0.978364 0.443709 0.939683 0.491580 0.862320 0.515515 0.773346 0.517692 0.657302 0.528571 0.529646 0.543798 0.351648 0.517720 0.355568 0.461120
8 0.289817 0.620611 0.305287 0.581442 0.343968 0.533571 0.421331 0.537926 0.467753 0.546628 0.521905 0.546628 0.614750 0.542280 0.676642 0.533571 0.730794 0.533571 0.881685 0.520536 0.989988 0.572115 0.831368 0.609080 0.769475 0.630838 0.715324 0.656944 0.653431 0.709169 0.607009 0.746161 0.537387 0.767919 0.487094 0.765742 0.440672 0.748331 0.386520 0.739629 0.359438 0.706992 0.328498 0.700467 0.320757 0.680879 0.316886 0.667823
10 0.080342 0.297734 0.108059 0.288668 0.157021 0.289354 0.181685 0.301305 0.223321 0.320879 0.208584 0.330563 0.173761 0.330563 0.119414 0.316758 0.054090 0.311951
10 0.969011 0.568146 0.946288 0.566401 0.930794 0.555357 0.928730 0.541408 0.923565 0.525721 0.934921 0.503056 0.947326 0.493757 0.972112 0.496085 0.982442 0.504217 0.977277 0.517005 0.985543 0.526298 0.993810 0.536181 0.993810 0.544313 0.993810 0.554196 0.990708 0.566401 0.979353 0.570467
8 0.007436 0.768571 0.015165 0.725055 0.015165 0.668482 0.065458 0.661951 0.111880 0.659773 0.154420 0.668482 0.162161 0.694588 0.251160 0.796223 0.181502 0.822315 0.104139 0.841896 0.069328 0.870185 0.049988 0.878887 0.030647 0.883242 0.026777 0.846250 0.011294 0.822315
10 0.657265 0.453915 0.680464 0.419093 0.699853 0.388661 0.777167 0.406044 0.692063 0.488736 0.653431 0.490927
